# unix_time, cycles_done, cur_path, paths_total, pending_total, pending_favs, map_size, unique_crashes, unique_hangs, max_depth, execs_per_sec
1569730063, 0, 0, 3, 3, 1, 0.20%, 0, 0, 1, 23.05
1569730068, 0, 2, 3, 3, 1, 0.20%, 0, 0, 1, 23.53
1569730094, 1, 0, 3, 2, 0, 0.20%, 0, 0, 1, 23.52
1569730134, 1, 1, 3, 1, 0, 0.20%, 0, 0, 1, 23.65
1569730175, 1, 2, 3, 0, 0, 0.20%, 0, 0, 1, 23.69
1569730185, 2, 0, 3, 0, 0, 0.20%, 0, 0, 1, 23.57
1569730200, 2, 1, 3, 0, 0, 0.20%, 0, 0, 1, 23.69
1569730210, 2, 2, 3, 0, 0, 0.20%, 0, 0, 1, 23.64
1569730226, 3, 0, 3, 0, 0, 0.20%, 0, 0, 1, 23.63
1569730236, 3, 1, 3, 0, 0, 0.20%, 0, 0, 1, 23.68
1569730246, 3, 2, 3, 0, 0, 0.20%, 0, 0, 1, 23.65
1569730261, 4, 0, 3, 0, 0, 0.20%, 0, 0, 1, 23.62
1569730271, 4, 1, 3, 0, 0, 0.20%, 0, 0, 1, 23.68
1569730287, 4, 2, 3, 0, 0, 0.20%, 0, 0, 1, 23.62
1569730297, 5, 0, 3, 0, 0, 0.20%, 0, 0, 1, 23.68
1569730312, 5, 1, 3, 0, 0, 0.20%, 0, 0, 1, 23.66
1569730322, 5, 2, 3, 0, 0, 0.20%, 0, 0, 1, 23.65
1569730332, 6, 0, 3, 0, 0, 0.20%, 0, 0, 1, 23.67
1569730347, 6, 1, 3, 0, 0, 0.20%, 0, 0, 1, 23.66
1569730358, 6, 2, 3, 0, 0, 0.20%, 0, 0, 1, 23.65
1569730373, 7, 0, 3, 0, 0, 0.20%, 0, 0, 1, 23.67
1569730383, 7, 1, 3, 0, 0, 0.20%, 0, 0, 1, 23.69
1569730398, 7, 2, 3, 0, 0, 0.20%, 0, 0, 1, 23.63
1569730408, 8, 0, 3, 0, 0, 0.20%, 0, 0, 1, 23.69
1569730418, 8, 1, 3, 0, 0, 0.20%, 0, 0, 1, 23.67
1569730434, 8, 2, 3, 0, 0, 0.20%, 0, 0, 1, 23.65
1569730444, 9, 0, 3, 0, 0, 0.20%, 0, 0, 1, 23.67
1569730459, 9, 1, 3, 0, 0, 0.20%, 0, 0, 1, 23.58
1569730469, 9, 2, 3, 0, 0, 0.20%, 0, 0, 1, 23.71
1569730484, 10, 0, 3, 0, 0, 0.20%, 0, 0, 1, 23.61
1569730495, 10, 1, 3, 0, 0, 0.20%, 0, 0, 1, 23.69
1569730505, 10, 2, 3, 0, 0, 0.20%, 0, 0, 1, 23.64
1569730520, 11, 0, 3, 0, 0, 0.20%, 0, 0, 1, 23.69
1569730530, 11, 1, 3, 0, 0, 0.20%, 0, 0, 1, 23.68
1569730545, 11, 2, 3, 0, 0, 0.20%, 0, 0, 1, 23.57
1569730556, 12, 0, 3, 0, 0, 0.20%, 0, 0, 1, 23.65
1569730571, 12, 1, 3, 0, 0, 0.20%, 0, 0, 1, 23.67
1569730581, 12, 2, 3, 0, 0, 0.20%, 0, 0, 1, 23.66
1569730591, 13, 0, 3, 0, 0, 0.20%, 0, 0, 1, 23.68
1569730606, 13, 1, 3, 0, 0, 0.20%, 0, 0, 1, 23.65
1569730616, 13, 2, 3, 0, 0, 0.20%, 0, 0, 1, 23.62
1569730632, 14, 0, 3, 0, 0, 0.20%, 0, 0, 1, 23.57
1569730642, 14, 1, 3, 0, 0, 0.20%, 0, 0, 1, 23.58
1569730657, 14, 2, 3, 0, 0, 0.20%, 0, 0, 1, 23.63
1569730667, 15, 0, 3, 0, 0, 0.20%, 0, 0, 1, 23.67
1569730677, 15, 1, 3, 0, 0, 0.20%, 0, 0, 1, 23.65
1569730693, 15, 2, 3, 0, 0, 0.20%, 0, 0, 1, 23.69
1569730703, 16, 0, 3, 0, 0, 0.20%, 0, 0, 1, 23.61
1569730718, 16, 1, 3, 0, 0, 0.20%, 0, 0, 1, 23.69
1569730728, 16, 2, 3, 0, 0, 0.20%, 0, 0, 1, 23.65
1569730738, 17, 0, 3, 0, 0, 0.20%, 0, 0, 1, 23.65
1569730754, 17, 1, 3, 0, 0, 0.20%, 0, 0, 1, 23.59
1569730764, 17, 2, 3, 0, 0, 0.20%, 0, 0, 1, 23.57
1569730779, 18, 0, 3, 0, 0, 0.20%, 0, 0, 1, 23.54
1569730789, 18, 1, 3, 0, 0, 0.20%, 0, 0, 1, 23.57
1569730804, 18, 2, 3, 0, 0, 0.20%, 0, 0, 1, 23.64
1569730815, 19, 0, 3, 0, 0, 0.20%, 0, 0, 1, 23.65
1569730825, 19, 1, 3, 0, 0, 0.20%, 0, 0, 1, 23.60
1569730840, 19, 2, 3, 0, 0, 0.20%, 0, 0, 1, 23.59
1569730850, 20, 0, 3, 0, 0, 0.20%, 0, 0, 1, 23.55
1569730865, 20, 1, 3, 0, 0, 0.20%, 0, 0, 1, 23.64
1569730876, 20, 2, 3, 0, 0, 0.20%, 0, 0, 1, 23.61
1569730891, 21, 0, 3, 0, 0, 0.20%, 0, 0, 1, 23.62
1569730901, 21, 1, 3, 0, 0, 0.20%, 0, 0, 1, 23.59
1569730911, 21, 2, 3, 0, 0, 0.20%, 0, 0, 1, 23.64
1569730926, 22, 0, 3, 0, 0, 0.20%, 0, 0, 1, 23.71
1569730937, 22, 1, 3, 0, 0, 0.20%, 0, 0, 1, 23.74
1569730952, 22, 2, 3, 0, 0, 0.20%, 0, 0, 1, 20.43
1569732328, 23, 0, 3, 0, 0, 0.20%, 0, 0, 1, 23.23
1569732343, 23, 1, 3, 0, 0, 0.20%, 0, 0, 1, 22.80
1569732354, 23, 2, 3, 0, 0, 0.20%, 0, 0, 1, 22.98
1569732369, 24, 0, 3, 0, 0, 0.20%, 0, 0, 1, 23.32
1569732379, 24, 1, 3, 0, 0, 0.20%, 0, 0, 1, 22.67
1569732395, 24, 2, 3, 0, 0, 0.20%, 0, 0, 1, 22.51
1569732405, 25, 0, 3, 0, 0, 0.20%, 0, 0, 1, 22.48
1569732420, 25, 1, 3, 0, 0, 0.20%, 0, 0, 1, 22.89
1569732430, 25, 2, 3, 0, 0, 0.20%, 0, 0, 1, 23.19
1569732446, 26, 0, 3, 0, 0, 0.20%, 0, 0, 1, 23.13
1569732456, 26, 1, 3, 0, 0, 0.20%, 0, 0, 1, 22.44
1569732472, 26, 2, 3, 0, 0, 0.20%, 0, 0, 1, 23.39
1569732482, 27, 0, 3, 0, 0, 0.20%, 0, 0, 1, 23.72
1569732492, 27, 1, 3, 0, 0, 0.20%, 0, 0, 1, 23.99
1569732507, 27, 2, 3, 0, 0, 0.20%, 0, 0, 1, 23.50
1569732518, 28, 0, 3, 0, 0, 0.20%, 0, 0, 1, 23.64
1569732533, 28, 1, 3, 0, 0, 0.20%, 0, 0, 1, 23.78
1569732543, 28, 2, 3, 0, 0, 0.20%, 0, 0, 1, 23.49
1569732558, 29, 0, 3, 0, 0, 0.20%, 0, 0, 1, 23.59
1569732568, 29, 1, 3, 0, 0, 0.20%, 0, 0, 1, 23.63
1569732578, 29, 2, 3, 0, 0, 0.20%, 0, 0, 1, 23.75
1569732594, 30, 0, 3, 0, 0, 0.20%, 0, 0, 1, 23.75
1569732604, 30, 1, 3, 0, 0, 0.20%, 0, 0, 1, 23.80
1569732619, 30, 2, 3, 0, 0, 0.20%, 0, 0, 1, 23.80
1569732629, 31, 0, 3, 0, 0, 0.20%, 0, 0, 1, 23.56
1569732644, 31, 1, 3, 0, 0, 0.20%, 0, 0, 1, 23.50
1569732654, 31, 2, 3, 0, 0, 0.20%, 0, 0, 1, 23.79
1569732665, 32, 0, 3, 0, 0, 0.20%, 0, 0, 1, 23.73
1569732680, 32, 1, 3, 0, 0, 0.20%, 0, 0, 1, 23.59
1569732690, 32, 2, 3, 0, 0, 0.20%, 0, 0, 1, 23.79
1569732705, 33, 0, 3, 0, 0, 0.20%, 0, 0, 1, 23.75
1569732715, 33, 1, 3, 0, 0, 0.20%, 0, 0, 1, 23.84
1569732725, 33, 2, 3, 0, 0, 0.20%, 0, 0, 1, 23.72
1569732740, 34, 0, 3, 0, 0, 0.20%, 0, 0, 1, 23.77
1569732751, 34, 1, 3, 0, 0, 0.20%, 0, 0, 1, 23.60
1569732766, 34, 2, 3, 0, 0, 0.20%, 0, 0, 1, 23.63
1569732776, 35, 0, 3, 0, 0, 0.20%, 0, 0, 1, 23.62
1569732791, 35, 1, 3, 0, 0, 0.20%, 0, 0, 1, 23.61
1569732801, 35, 2, 3, 0, 0, 0.20%, 0, 0, 1, 23.80
1569732811, 36, 0, 3, 0, 0, 0.20%, 0, 0, 1, 23.80
1569732827, 36, 1, 3, 0, 0, 0.20%, 0, 0, 1, 23.61
1569732837, 36, 2, 3, 0, 0, 0.20%, 0, 0, 1, 23.62
1569732852, 37, 0, 3, 0, 0, 0.20%, 0, 0, 1, 23.68
1569732862, 37, 1, 3, 0, 0, 0.20%, 0, 0, 1, 23.77
1569732877, 37, 2, 3, 0, 0, 0.20%, 0, 0, 1, 23.74
1569732887, 38, 0, 3, 0, 0, 0.20%, 0, 0, 1, 23.59
1569732898, 38, 1, 3, 0, 0, 0.20%, 0, 0, 1, 23.35
1569732913, 38, 2, 3, 0, 0, 0.20%, 0, 0, 1, 23.60
1569732923, 39, 0, 3, 0, 0, 0.20%, 0, 0, 1, 23.42
1569732939, 39, 1, 3, 0, 0, 0.20%, 0, 0, 1, 23.44
1569732949, 39, 2, 3, 0, 0, 0.20%, 0, 0, 1, 23.63
1569732964, 40, 0, 3, 0, 0, 0.20%, 0, 0, 1, 23.49
1569732974, 40, 1, 3, 0, 0, 0.20%, 0, 0, 1, 23.49
1569732985, 40, 2, 3, 0, 0, 0.20%, 0, 0, 1, 23.47
1569733000, 41, 0, 3, 0, 0, 0.20%, 0, 0, 1, 23.27
1569733010, 41, 1, 3, 0, 0, 0.20%, 0, 0, 1, 23.57
1569733025, 41, 2, 3, 0, 0, 0.20%, 0, 0, 1, 23.72
1569733036, 42, 0, 3, 0, 0, 0.20%, 0, 0, 1, 23.57
1569733051, 42, 1, 3, 0, 0, 0.20%, 0, 0, 1, 23.67
1569733061, 42, 2, 3, 0, 0, 0.20%, 0, 0, 1, 23.80
1569733071, 43, 0, 3, 0, 0, 0.20%, 0, 0, 1, 23.69
1569733086, 43, 1, 3, 0, 0, 0.20%, 0, 0, 1, 23.75
1569733096, 43, 2, 3, 0, 0, 0.20%, 0, 0, 1, 23.69
1569733112, 44, 0, 3, 0, 0, 0.20%, 0, 0, 1, 22.35
1569733122, 44, 1, 3, 0, 0, 0.20%, 0, 0, 1, 22.84
1569733137, 44, 2, 3, 0, 0, 0.20%, 0, 0, 1, 23.59
1569733147, 45, 0, 3, 0, 0, 0.20%, 0, 0, 1, 23.51
1569733163, 45, 1, 3, 0, 0, 0.20%, 0, 0, 1, 23.09
1569733173, 45, 2, 3, 0, 0, 0.20%, 0, 0, 1, 23.35
1569733184, 46, 0, 3, 0, 0, 0.20%, 0, 0, 1, 23.46
1569733199, 46, 1, 3, 0, 0, 0.20%, 0, 0, 1, 23.34
1569733209, 46, 2, 3, 0, 0, 0.20%, 0, 0, 1, 23.16
1569733225, 47, 0, 3, 0, 0, 0.20%, 0, 0, 1, 23.35
1569733235, 47, 1, 3, 0, 0, 0.20%, 0, 0, 1, 23.16
1569733250, 47, 2, 3, 0, 0, 0.20%, 0, 0, 1, 23.13
1569733261, 48, 0, 3, 0, 0, 0.20%, 0, 0, 1, 23.55
1569733271, 48, 1, 3, 0, 0, 0.20%, 0, 0, 1, 23.45
1569733286, 48, 2, 3, 0, 0, 0.20%, 0, 0, 1, 23.52
1569733297, 49, 0, 3, 0, 0, 0.20%, 0, 0, 1, 23.50
1569733312, 49, 1, 3, 0, 0, 0.20%, 0, 0, 1, 23.36
1569733322, 49, 2, 3, 0, 0, 0.20%, 0, 0, 1, 23.33
1569733338, 50, 0, 3, 0, 0, 0.20%, 0, 0, 1, 23.12
1569733348, 50, 1, 3, 0, 0, 0.20%, 0, 0, 1, 23.25
1569733358, 50, 2, 3, 0, 0, 0.20%, 0, 0, 1, 23.41
1569733374, 51, 0, 3, 0, 0, 0.20%, 0, 0, 1, 23.49
1569733384, 51, 1, 3, 0, 0, 0.20%, 0, 0, 1, 23.36
1569733399, 51, 2, 3, 0, 0, 0.20%, 0, 0, 1, 23.40
1569733409, 52, 0, 3, 0, 0, 0.20%, 0, 0, 1, 23.66
1569733425, 52, 1, 3, 0, 0, 0.20%, 0, 0, 1, 23.63
1569733435, 52, 2, 3, 0, 0, 0.20%, 0, 0, 1, 23.51
1569733445, 53, 0, 3, 0, 0, 0.20%, 0, 0, 1, 23.48
1569733460, 53, 1, 3, 0, 0, 0.20%, 0, 0, 1, 23.57
1569733470, 53, 2, 3, 0, 0, 0.20%, 0, 0, 1, 23.55
1569733486, 54, 0, 3, 0, 0, 0.20%, 0, 0, 1, 23.49
1569733496, 54, 1, 3, 0, 0, 0.20%, 0, 0, 1, 23.37
1569733511, 54, 2, 3, 0, 0, 0.20%, 0, 0, 1, 23.57
1569733522, 55, 0, 3, 0, 0, 0.20%, 0, 0, 1, 23.43
1569733532, 55, 1, 3, 0, 0, 0.20%, 0, 0, 1, 23.71
1569733547, 55, 2, 3, 0, 0, 0.20%, 0, 0, 1, 23.76
1569733557, 56, 0, 3, 0, 0, 0.20%, 0, 0, 1, 23.79
1569733572, 56, 1, 3, 0, 0, 0.20%, 0, 0, 1, 23.52
1569733583, 56, 2, 3, 0, 0, 0.20%, 0, 0, 1, 23.70
1569733598, 57, 0, 3, 0, 0, 0.20%, 0, 0, 1, 23.65
1569733608, 57, 1, 3, 0, 0, 0.20%, 0, 0, 1, 23.70
1569733618, 57, 2, 3, 0, 0, 0.20%, 0, 0, 1, 23.62
1569733633, 58, 0, 3, 0, 0, 0.20%, 0, 0, 1, 23.48
1569733644, 58, 1, 3, 0, 0, 0.20%, 0, 0, 1, 23.36
1569733659, 58, 2, 3, 0, 0, 0.20%, 0, 0, 1, 23.67
1569733669, 59, 0, 3, 0, 0, 0.20%, 0, 0, 1, 23.61
1569733684, 59, 1, 3, 0, 0, 0.20%, 0, 0, 1, 23.70
1569733694, 59, 2, 3, 0, 0, 0.20%, 0, 0, 1, 23.56
1569733705, 60, 0, 3, 0, 0, 0.20%, 0, 0, 1, 23.58
1569733720, 60, 1, 3, 0, 0, 0.20%, 0, 0, 1, 23.42
1569733730, 60, 2, 3, 0, 0, 0.20%, 0, 0, 1, 23.53
1569733745, 61, 0, 3, 0, 0, 0.20%, 0, 0, 1, 23.68
1569733755, 61, 1, 3, 0, 0, 0.20%, 0, 0, 1, 23.80
1569759801, 61, 2, 3, 0, 0, 0.20%, 0, 0, 1, 21.39
1569759816, 62, 0, 3, 0, 0, 0.20%, 0, 0, 1, 22.71
1569759826, 62, 1, 3, 0, 0, 0.20%, 0, 0, 1, 22.40
1569759841, 62, 2, 3, 0, 0, 0.20%, 0, 0, 1, 22.75
1569759852, 63, 0, 3, 0, 0, 0.20%, 0, 0, 1, 22.46
1569759867, 63, 1, 3, 0, 0, 0.20%, 0, 0, 1, 22.32
1569759882, 63, 2, 3, 0, 0, 0.20%, 0, 0, 1, 23.08
1569759893, 64, 0, 3, 0, 0, 0.20%, 0, 0, 1, 23.15
1569759908, 64, 1, 3, 0, 0, 0.20%, 0, 0, 1, 21.66
1569759918, 64, 2, 3, 0, 0, 0.20%, 0, 0, 1, 22.87
1569759928, 65, 0, 3, 0, 0, 0.20%, 0, 0, 1, 23.02
1569759944, 65, 1, 3, 0, 0, 0.20%, 0, 0, 1, 23.21
1569759954, 65, 2, 3, 0, 0, 0.20%, 0, 0, 1, 22.53
1569759969, 66, 0, 3, 0, 0, 0.20%, 0, 0, 1, 22.32
1569759984, 66, 1, 3, 0, 0, 0.20%, 0, 0, 1, 22.81
1569759995, 66, 2, 3, 0, 0, 0.20%, 0, 0, 1, 23.07
1569760010, 67, 0, 3, 0, 0, 0.20%, 0, 0, 1, 22.86
1569760020, 67, 1, 3, 0, 0, 0.20%, 0, 0, 1, 22.27
1569760036, 67, 2, 3, 0, 0, 0.20%, 0, 0, 1, 23.06
1569760046, 68, 0, 3, 0, 0, 0.20%, 0, 0, 1, 22.63
1569760061, 68, 1, 3, 0, 0, 0.20%, 0, 0, 1, 22.82
1569760071, 68, 2, 3, 0, 0, 0.20%, 0, 0, 1, 22.70
1569760086, 69, 0, 3, 0, 0, 0.20%, 0, 0, 1, 22.69
1569760096, 69, 1, 3, 0, 0, 0.20%, 0, 0, 1, 23.07
1569760112, 69, 2, 3, 0, 0, 0.20%, 0, 0, 1, 23.00
1569760122, 70, 0, 3, 0, 0, 0.20%, 0, 0, 1, 23.19
1569760137, 70, 1, 3, 0, 0, 0.20%, 0, 0, 1, 21.99
1569760147, 70, 2, 3, 0, 0, 0.20%, 0, 0, 1, 21.91
1569760163, 71, 0, 3, 0, 0, 0.20%, 0, 0, 1, 22.68
1569760173, 71, 1, 3, 0, 0, 0.20%, 0, 0, 1, 23.03
1569760188, 71, 2, 3, 0, 0, 0.20%, 0, 0, 1, 22.90
1569760198, 72, 0, 3, 0, 0, 0.20%, 0, 0, 1, 22.83
1569760213, 72, 1, 3, 0, 0, 0.20%, 0, 0, 1, 23.12
1569760224, 72, 2, 3, 0, 0, 0.20%, 0, 0, 1, 22.09
1569760239, 73, 0, 3, 0, 0, 0.20%, 0, 0, 1, 23.58
1569760249, 73, 1, 3, 0, 0, 0.20%, 0, 0, 1, 22.77
1569760265, 73, 2, 3, 0, 0, 0.20%, 0, 0, 1, 23.22
1569760275, 74, 0, 3, 0, 0, 0.20%, 0, 0, 1, 22.82
1569760290, 74, 1, 3, 0, 0, 0.20%, 0, 0, 1, 23.25
1569760301, 74, 2, 3, 0, 0, 0.20%, 0, 0, 1, 23.28
1569760311, 75, 0, 3, 0, 0, 0.20%, 0, 0, 1, 23.39
1569760326, 75, 1, 3, 0, 0, 0.20%, 0, 0, 1, 22.81
1569760336, 75, 2, 3, 0, 0, 0.20%, 0, 0, 1, 22.79
1569760352, 76, 0, 3, 0, 0, 0.20%, 0, 0, 1, 22.97
1569760367, 76, 1, 3, 0, 0, 0.20%, 0, 0, 1, 22.61
1569760377, 76, 2, 3, 0, 0, 0.20%, 0, 0, 1, 22.99
1569760392, 77, 0, 3, 0, 0, 0.20%, 0, 0, 1, 22.81
1569760403, 77, 1, 3, 0, 0, 0.20%, 0, 0, 1, 23.12
1569760418, 77, 2, 3, 0, 0, 0.20%, 0, 0, 1, 23.18
1569760428, 78, 0, 3, 0, 0, 0.20%, 0, 0, 1, 22.61
1569760443, 78, 1, 3, 0, 0, 0.20%, 0, 0, 1, 22.50
1569760454, 78, 2, 3, 0, 0, 0.20%, 0, 0, 1, 23.02
1569760469, 79, 0, 3, 0, 0, 0.20%, 0, 0, 1, 22.29
1569760479, 79, 1, 3, 0, 0, 0.20%, 0, 0, 1, 22.84
1569760495, 79, 2, 3, 0, 0, 0.20%, 0, 0, 1, 22.95
1569760505, 80, 0, 3, 0, 0, 0.20%, 0, 0, 1, 22.90
1569760520, 80, 1, 3, 0, 0, 0.20%, 0, 0, 1, 22.89
1569760530, 80, 2, 3, 0, 0, 0.20%, 0, 0, 1, 22.61
1569760546, 81, 0, 3, 0, 0, 0.20%, 0, 0, 1, 22.19
1569760556, 81, 1, 3, 0, 0, 0.20%, 0, 0, 1, 22.64
1569760571, 81, 2, 3, 0, 0, 0.20%, 0, 0, 1, 22.51
1569760582, 82, 0, 3, 0, 0, 0.20%, 0, 0, 1, 22.69
1569760597, 82, 1, 3, 0, 0, 0.20%, 0, 0, 1, 22.84
1569760607, 82, 2, 3, 0, 0, 0.20%, 0, 0, 1, 22.58
1569760622, 83, 0, 3, 0, 0, 0.20%, 0, 0, 1, 22.62
1569760633, 83, 1, 3, 0, 0, 0.20%, 0, 0, 1, 22.70
1569760648, 83, 2, 3, 0, 0, 0.20%, 0, 0, 1, 22.28
1569760658, 84, 0, 3, 0, 0, 0.20%, 0, 0, 1, 23.07
1569760673, 84, 1, 3, 0, 0, 0.20%, 0, 0, 1, 22.78
1569760684, 84, 2, 3, 0, 0, 0.20%, 0, 0, 1, 22.65
1569760699, 85, 0, 3, 0, 0, 0.20%, 0, 0, 1, 22.42
1569760709, 85, 1, 3, 0, 0, 0.20%, 0, 0, 1, 22.94
1569760724, 85, 2, 3, 0, 0, 0.20%, 0, 0, 1, 22.85
1569760734, 86, 0, 3, 0, 0, 0.20%, 0, 0, 1, 22.90
1569760750, 86, 1, 3, 0, 0, 0.20%, 0, 0, 1, 22.77
1569760760, 86, 2, 3, 0, 0, 0.20%, 0, 0, 1, 22.94
1569760775, 87, 0, 3, 0, 0, 0.20%, 0, 0, 1, 23.22
1569760786, 87, 1, 3, 0, 0, 0.20%, 0, 0, 1, 22.91
1569760801, 87, 2, 3, 0, 0, 0.20%, 0, 0, 1, 22.82
1569760811, 88, 0, 3, 0, 0, 0.20%, 0, 0, 1, 22.72
1569760826, 88, 1, 3, 0, 0, 0.20%, 0, 0, 1, 22.78
1569760836, 88, 2, 3, 0, 0, 0.20%, 0, 0, 1, 22.74
1569760852, 89, 0, 3, 0, 0, 0.20%, 0, 0, 1, 23.05
1569760862, 89, 1, 3, 0, 0, 0.20%, 0, 0, 1, 22.64
1569760877, 89, 2, 3, 0, 0, 0.20%, 0, 0, 1, 22.62
1569760888, 90, 0, 3, 0, 0, 0.20%, 0, 0, 1, 22.47
1569760903, 90, 1, 3, 0, 0, 0.20%, 0, 0, 1, 22.48
1569760913, 90, 2, 3, 0, 0, 0.20%, 0, 0, 1, 23.04
1569760928, 91, 0, 3, 0, 0, 0.20%, 0, 0, 1, 22.76
1569760939, 91, 1, 3, 0, 0, 0.20%, 0, 0, 1, 22.82
1569760954, 91, 2, 3, 0, 0, 0.20%, 0, 0, 1, 22.11
1569760969, 92, 0, 3, 0, 0, 0.20%, 0, 0, 1, 22.74
1569760980, 92, 1, 3, 0, 0, 0.20%, 0, 0, 1, 22.96
1569760995, 92, 2, 3, 0, 0, 0.20%, 0, 0, 1, 22.15
1569761005, 93, 0, 3, 0, 0, 0.20%, 0, 0, 1, 20.82
1569761020, 93, 1, 3, 0, 0, 0.20%, 0, 0, 1, 22.60
1569761030, 93, 2, 3, 0, 0, 0.20%, 0, 0, 1, 22.84
1569761046, 94, 0, 3, 0, 0, 0.20%, 0, 0, 1, 22.15
1569761056, 94, 1, 3, 0, 0, 0.20%, 0, 0, 1, 22.78
1569761071, 94, 2, 3, 0, 0, 0.20%, 0, 0, 1, 22.79
1569761087, 95, 0, 3, 0, 0, 0.20%, 0, 0, 1, 22.07
1569761097, 95, 1, 3, 0, 0, 0.20%, 0, 0, 1, 22.58
1569761112, 95, 2, 3, 0, 0, 0.20%, 0, 0, 1, 22.32
1569761122, 96, 0, 3, 0, 0, 0.20%, 0, 0, 1, 22.77
1569761138, 96, 1, 3, 0, 0, 0.20%, 0, 0, 1, 22.80
1569761148, 96, 2, 3, 0, 0, 0.20%, 0, 0, 1, 22.57
1569761163, 97, 0, 3, 0, 0, 0.20%, 0, 0, 1, 22.53
1569761173, 97, 1, 3, 0, 0, 0.20%, 0, 0, 1, 22.63
1569761189, 97, 2, 3, 0, 0, 0.20%, 0, 0, 1, 22.79
1569761199, 98, 0, 3, 0, 0, 0.20%, 0, 0, 1, 22.42
1569761214, 98, 1, 3, 0, 0, 0.20%, 0, 0, 1, 22.82
1569761224, 98, 2, 3, 0, 0, 0.20%, 0, 0, 1, 22.91
1569761239, 99, 0, 3, 0, 0, 0.20%, 0, 0, 1, 22.82
1569761250, 99, 1, 3, 0, 0, 0.20%, 0, 0, 1, 23.30
1569761265, 99, 2, 3, 0, 0, 0.20%, 0, 0, 1, 22.87
1569761275, 100, 0, 3, 0, 0, 0.20%, 0, 0, 1, 22.21
1569761290, 100, 1, 3, 0, 0, 0.20%, 0, 0, 1, 22.21
1569761301, 100, 2, 3, 0, 0, 0.20%, 0, 0, 1, 22.89
1569761316, 101, 0, 3, 0, 0, 0.20%, 0, 0, 1, 22.65
1569761326, 101, 1, 3, 0, 0, 0.20%, 0, 0, 1, 22.84
1569761342, 101, 2, 3, 0, 0, 0.20%, 0, 0, 1, 22.84
1569761352, 102, 0, 3, 0, 0, 0.20%, 0, 0, 1, 23.25
1569761367, 102, 1, 3, 0, 0, 0.20%, 0, 0, 1, 20.65
1569761382, 102, 2, 3, 0, 0, 0.20%, 0, 0, 1, 21.79
1569761393, 103, 0, 3, 0, 0, 0.20%, 0, 0, 1, 22.71
1569761408, 103, 1, 3, 0, 0, 0.20%, 0, 0, 1, 22.78
1569761418, 103, 2, 3, 0, 0, 0.20%, 0, 0, 1, 23.64
1569761433, 104, 0, 3, 0, 0, 0.20%, 0, 0, 1, 23.73
1569761443, 104, 1, 3, 0, 0, 0.20%, 0, 0, 1, 23.49
1569761459, 104, 2, 3, 0, 0, 0.20%, 0, 0, 1, 23.61
1569761469, 105, 0, 3, 0, 0, 0.20%, 0, 0, 1, 23.58
1569761484, 105, 1, 3, 0, 0, 0.20%, 0, 0, 1, 23.54
1569761494, 105, 2, 3, 0, 0, 0.20%, 0, 0, 1, 23.41
1569761505, 106, 0, 3, 0, 0, 0.20%, 0, 0, 1, 23.56
1569761520, 106, 1, 3, 0, 0, 0.20%, 0, 0, 1, 23.63
1569761530, 106, 2, 3, 0, 0, 0.20%, 0, 0, 1, 23.68
1569761545, 107, 0, 3, 0, 0, 0.20%, 0, 0, 1, 23.40
1569761556, 107, 1, 3, 0, 0, 0.20%, 0, 0, 1, 23.45
1569761571, 107, 2, 3, 0, 0, 0.20%, 0, 0, 1, 23.62
1569761581, 108, 0, 3, 0, 0, 0.20%, 0, 0, 1, 23.65
1569761591, 108, 1, 3, 0, 0, 0.20%, 0, 0, 1, 23.63
1569761607, 108, 2, 3, 0, 0, 0.20%, 0, 0, 1, 23.49
1569761617, 109, 0, 3, 0, 0, 0.20%, 0, 0, 1, 23.31
1569761632, 109, 1, 3, 0, 0, 0.20%, 0, 0, 1, 22.97
1569761642, 109, 2, 3, 0, 0, 0.20%, 0, 0, 1, 23.28
1569761658, 110, 0, 3, 0, 0, 0.20%, 0, 0, 1, 23.35
1569761668, 110, 1, 3, 0, 0, 0.20%, 0, 0, 1, 23.33
1569761678, 110, 2, 3, 0, 0, 0.20%, 0, 0, 1, 23.24
1569761694, 111, 0, 3, 0, 0, 0.20%, 0, 0, 1, 23.19
1569761704, 111, 1, 3, 0, 0, 0.20%, 0, 0, 1, 23.42
1569761719, 111, 2, 3, 0, 0, 0.20%, 0, 0, 1, 23.14
1569761730, 112, 0, 3, 0, 0, 0.20%, 0, 0, 1, 23.46
1569761745, 112, 1, 3, 0, 0, 0.20%, 0, 0, 1, 23.10
1569761756, 112, 2, 3, 0, 0, 0.20%, 0, 0, 1, 23.39
1569761766, 113, 0, 3, 0, 0, 0.20%, 0, 0, 1, 23.34
1569761781, 113, 1, 3, 0, 0, 0.20%, 0, 0, 1, 23.18
1569761792, 113, 2, 3, 0, 0, 0.20%, 0, 0, 1, 23.40
1569761807, 114, 0, 3, 0, 0, 0.20%, 0, 0, 1, 23.46
1569761817, 114, 1, 3, 0, 0, 0.20%, 0, 0, 1, 23.64
1569761833, 114, 2, 3, 0, 0, 0.20%, 0, 0, 1, 23.61
1569761843, 115, 0, 3, 0, 0, 0.20%, 0, 0, 1, 23.35
1569761853, 115, 1, 3, 0, 0, 0.20%, 0, 0, 1, 23.38
1569761868, 115, 2, 3, 0, 0, 0.20%, 0, 0, 1, 23.63
1569761879, 116, 0, 3, 0, 0, 0.20%, 0, 0, 1, 23.58
1569761894, 116, 1, 3, 0, 0, 0.20%, 0, 0, 1, 23.33
1569761904, 116, 2, 3, 0, 0, 0.20%, 0, 0, 1, 23.56
1569761914, 117, 0, 3, 0, 0, 0.20%, 0, 0, 1, 23.39
1569761930, 117, 1, 3, 0, 0, 0.20%, 0, 0, 1, 23.64
1569761940, 117, 2, 3, 0, 0, 0.20%, 0, 0, 1, 23.48
1569761955, 118, 0, 3, 0, 0, 0.20%, 0, 0, 1, 23.69
1569761965, 118, 1, 3, 0, 0, 0.20%, 0, 0, 1, 23.44
1569761981, 118, 2, 3, 0, 0, 0.20%, 0, 0, 1, 23.39
1569761991, 119, 0, 3, 0, 0, 0.20%, 0, 0, 1, 23.41
1569762001, 119, 1, 3, 0, 0, 0.20%, 0, 0, 1, 23.32
1569762017, 119, 2, 3, 0, 0, 0.20%, 0, 0, 1, 23.50
1569762027, 120, 0, 3, 0, 0, 0.20%, 0, 0, 1, 23.45
1569762042, 120, 1, 3, 0, 0, 0.20%, 0, 0, 1, 23.48
1569762052, 120, 2, 3, 0, 0, 0.20%, 0, 0, 1, 22.85
1569762068, 121, 0, 3, 0, 0, 0.20%, 0, 0, 1, 22.85
1569762078, 121, 1, 3, 0, 0, 0.20%, 0, 0, 1, 23.39
1569762093, 121, 2, 3, 0, 0, 0.20%, 0, 0, 1, 23.50
1569762104, 122, 0, 3, 0, 0, 0.20%, 0, 0, 1, 23.39
1569762114, 122, 1, 3, 0, 0, 0.20%, 0, 0, 1, 23.49
1569762129, 122, 2, 3, 0, 0, 0.20%, 0, 0, 1, 23.17
1569762140, 123, 0, 3, 0, 0, 0.20%, 0, 0, 1, 22.07
1569762155, 123, 1, 3, 0, 0, 0.20%, 0, 0, 1, 22.76
1569762170, 123, 2, 3, 0, 0, 0.20%, 0, 0, 1, 22.96
1569762180, 124, 0, 3, 0, 0, 0.20%, 0, 0, 1, 21.96
1569762196, 124, 1, 3, 0, 0, 0.20%, 0, 0, 1, 22.12
1569762206, 124, 2, 3, 0, 0, 0.20%, 0, 0, 1, 22.83
1569762221, 125, 0, 3, 0, 0, 0.20%, 0, 0, 1, 23.35
1569762232, 125, 1, 3, 0, 0, 0.20%, 0, 0, 1, 23.28
1569762247, 125, 2, 3, 0, 0, 0.20%, 0, 0, 1, 22.80
1569762257, 126, 0, 3, 0, 0, 0.20%, 0, 0, 1, 23.32
1569762267, 126, 1, 3, 0, 0, 0.20%, 0, 0, 1, 22.92
1569762283, 126, 2, 3, 0, 0, 0.20%, 0, 0, 1, 23.41
1569762293, 127, 0, 3, 0, 0, 0.20%, 0, 0, 1, 23.16
1569762309, 127, 1, 3, 0, 0, 0.20%, 0, 0, 1, 23.18
1569762319, 127, 2, 3, 0, 0, 0.20%, 0, 0, 1, 23.37
1569762334, 128, 0, 3, 0, 0, 0.20%, 0, 0, 1, 23.16
1569762345, 128, 1, 3, 0, 0, 0.20%, 0, 0, 1, 23.33
1569762360, 128, 2, 3, 0, 0, 0.20%, 0, 0, 1, 23.05
1569762370, 129, 0, 3, 0, 0, 0.20%, 0, 0, 1, 23.03
1569762381, 129, 1, 3, 0, 0, 0.20%, 0, 0, 1, 22.92
1569762396, 129, 2, 3, 0, 0, 0.20%, 0, 0, 1, 22.93
1569762406, 130, 0, 3, 0, 0, 0.20%, 0, 0, 1, 23.19
1569762421, 130, 1, 3, 0, 0, 0.20%, 0, 0, 1, 23.21
1569762431, 130, 2, 3, 0, 0, 0.20%, 0, 0, 1, 22.79
1569762447, 131, 0, 3, 0, 0, 0.20%, 0, 0, 1, 22.85
1569762457, 131, 1, 3, 0, 0, 0.20%, 0, 0, 1, 22.67
1569762472, 131, 2, 3, 0, 0, 0.20%, 0, 0, 1, 22.21
1569762482, 132, 0, 3, 0, 0, 0.20%, 0, 0, 1, 22.94
1569762498, 132, 1, 3, 0, 0, 0.20%, 0, 0, 1, 23.06
1569762508, 132, 2, 3, 0, 0, 0.20%, 0, 0, 1, 23.38
1569762523, 133, 0, 3, 0, 0, 0.20%, 0, 0, 1, 22.91
1569762533, 133, 1, 3, 0, 0, 0.20%, 0, 0, 1, 23.12
1569762549, 133, 2, 3, 0, 0, 0.20%, 0, 0, 1, 23.27
1569762559, 134, 0, 3, 0, 0, 0.20%, 0, 0, 1, 23.13
